(1, 1, 0): 0.11948224641749162 
(1, 2, 0): 0.11948224641749162 
(1, 3, 0): 0.11948224641749162 
(1, 4, 0): 0.2096244922203758 
(1, 5, 0): 0.2096244922203758 
(1, 6, 0): 0.2096244922203758 
(1, 7, 0): 0.14272066871082373 
(1, 8, 0): 0.14272066871082373 
(1, 9, 0): 0.14272066871082373 
(1, 10, 0): 0.08050714905024724 
(1, 11, 0): 0.08050714905024724 
(1, 12, 0): 0.08050714905024724 
(1, 13, 0): 0.02792872614230769 
(1, 14, 0): 0.02792872614230769 
(1, 15, 0): 0.02792872614230769 
(1, 16, 0): 0.0 
(1, 17, 0): 0.0 
(1, 18, 0): 0.0 
(1, 19, 0): 0.0 
(1, 20, 0): 0.0 
(1, 21, 0): 0.0 
(2, 1, 0): 0.11948224641749162 
(2, 2, 0): 0.11948224641749162 
(2, 3, 0): 0.11948224641749162 
(2, 4, 0): 0.2096244922203758 
(2, 5, 0): 0.2096244922203758 
(2, 6, 0): 0.2096244922203758 
(2, 7, 0): 0.14272066871082373 
(2, 8, 0): 0.14272066871082373 
(2, 9, 0): 0.14272066871082373 
(2, 10, 0): 0.08050714905024724 
(2, 11, 0): 0.08050714905024724 
(2, 12, 0): 0.08050714905024724 
(2, 13, 0): 0.02792872614230769 
(2, 14, 0): 0.02792872614230769 
(2, 15, 0): 0.02792872614230769 
(2, 16, 0): 0.0 
(2, 17, 0): 0.0 
(2, 18, 0): 0.0 
(2, 19, 0): 0.0 
(2, 20, 0): 0.0 
(2, 21, 0): 0.0 
(3, 1, 0): 0.11948224641749162 
(3, 2, 0): 0.11948224641749162 
(3, 3, 0): 0.11948224641749162 
(3, 4, 0): 0.2096244922203758 
(3, 5, 0): 0.2096244922203758 
(3, 6, 0): 0.2096244922203758 
(3, 7, 0): 0.14272066871082373 
(3, 8, 0): 0.14272066871082373 
(3, 9, 0): 0.14272066871082373 
(3, 10, 0): 0.08050714905024724 
(3, 11, 0): 0.08050714905024724 
(3, 12, 0): 0.08050714905024724 
(3, 13, 0): 0.02792872614230769 
(3, 14, 0): 0.02792872614230769 
(3, 15, 0): 0.02792872614230769 
(3, 16, 0): 0.0 
(3, 17, 0): 0.0 
(3, 18, 0): 0.0 
(3, 19, 0): 0.0 
(3, 20, 0): 0.0 
(3, 21, 0): 0.0 
(4, 1, 0): 0.06595237059079709 
(4, 2, 0): 0.06595237059079709 
(4, 3, 0): 0.06595237059079709 
(4, 4, 0): 0.13164974432776502 
(4, 5, 0): 0.13164974432776502 
(4, 6, 0): 0.13164974432776502 
(4, 7, 0): 0.15857819861809758 
(4, 8, 0): 0.15857819861809758 
(4, 9, 0): 0.15857819861809758 
(4, 10, 0): 0.1398198884753246 
(4, 11, 0): 0.1398198884753246 
(4, 12, 0): 0.1398198884753246 
(4, 13, 0): 0.04693906359419493 
(4, 14, 0): 0.04693906359419493 
(4, 15, 0): 0.04693906359419493 
(4, 16, 0): 0.0 
(4, 17, 0): 0.0 
(4, 18, 0): 0.0 
(4, 19, 0): 0.0 
(4, 20, 0): 0.0 
(4, 21, 0): 0.0 
(5, 1, 0): -0.05352987582669454 
(5, 2, 0): -0.05352987582669454 
(5, 3, 0): -0.05352987582669454 
(5, 4, 0): -0.07797474789261077 
(5, 5, 0): -0.07797474789261077 
(5, 6, 0): -0.07797474789261077 
(5, 7, 0): 0.015857529907273862 
(5, 8, 0): 0.015857529907273862 
(5, 9, 0): 0.015857529907273862 
(5, 10, 0): 0.05931273942507735 
(5, 11, 0): 0.05931273942507735 
(5, 12, 0): 0.05931273942507735 
(5, 13, 0): 0.019010337451887245 
(5, 14, 0): 0.019010337451887245 
(5, 15, 0): 0.019010337451887245 
(5, 16, 0): 0.0 
(5, 17, 0): 0.0 
(5, 18, 0): 0.0 
(5, 19, 0): 0.0 
(5, 20, 0): 0.0 
(5, 21, 0): 0.0 
(6, 1, 0): -0.05352987582669454 
(6, 2, 0): -0.05352987582669454 
(6, 3, 0): -0.05352987582669454 
(6, 4, 0): -0.07797474789261077 
(6, 5, 0): -0.07797474789261077 
(6, 6, 0): -0.07797474789261077 
(6, 7, 0): 0.015857529907273862 
(6, 8, 0): 0.015857529907273862 
(6, 9, 0): 0.015857529907273862 
(6, 10, 0): 0.05931273942507735 
(6, 11, 0): 0.05931273942507735 
(6, 12, 0): 0.05931273942507735 
(6, 13, 0): 0.019010337451887245 
(6, 14, 0): 0.019010337451887245 
(6, 15, 0): 0.019010337451887245 
(6, 16, 0): 0.0 
(6, 17, 0): 0.0 
(6, 18, 0): 0.0 
(6, 19, 0): 0.0 
(6, 20, 0): 0.0 
(6, 21, 0): 0.0 
(7, 1, 0): -0.09969582765816627 
(7, 2, 0): -0.09969582765816627 
(7, 3, 0): -0.09969582765816627 
(7, 4, 0): -0.19374051286428617 
(7, 5, 0): -0.19374051286428617 
(7, 6, 0): -0.19374051286428617 
(7, 7, 0): -0.0755926613554968 
(7, 8, 0): -0.0755926613554968 
(7, 9, 0): -0.0755926613554968 
(7, 10, 0): 0.04785334828038523 
(7, 11, 0): 0.04785334828038523 
(7, 12, 0): 0.04785334828038523 
(7, 13, 0): 0.02940132442976213 
(7, 14, 0): 0.02940132442976213 
(7, 15, 0): 0.02940132442976213 
(7, 16, 0): 0.0 
(7, 17, 0): 0.0 
(7, 18, 0): 0.0 
(7, 19, 0): 0.0 
(7, 20, 0): 0.0 
(7, 21, 0): 0.0 
(8, 1, 0): -0.046165951831471735 
(8, 2, 0): -0.046165951831471735 
(8, 3, 0): -0.046165951831471735 
(8, 4, 0): -0.11576576497167539 
(8, 5, 0): -0.11576576497167539 
(8, 6, 0): -0.11576576497167539 
(8, 7, 0): -0.09145019126277065 
(8, 8, 0): -0.09145019126277065 
(8, 9, 0): -0.09145019126277065 
(8, 10, 0): -0.011459391144692115 
(8, 11, 0): -0.011459391144692115 
(8, 12, 0): -0.011459391144692115 
(8, 13, 0): 0.010390986977874887 
(8, 14, 0): 0.010390986977874887 
(8, 15, 0): 0.010390986977874887 
(8, 16, 0): 0.0 
(8, 17, 0): 0.0 
(8, 18, 0): 0.0 
(8, 19, 0): 0.0 
(8, 20, 0): 0.0 
(8, 21, 0): 0.0 
(9, 1, 0): -0.046165951831471735 
(9, 2, 0): -0.046165951831471735 
(9, 3, 0): -0.046165951831471735 
(9, 4, 0): -0.11576576497167539 
(9, 5, 0): -0.11576576497167539 
(9, 6, 0): -0.11576576497167539 
(9, 7, 0): -0.09145019126277065 
(9, 8, 0): -0.09145019126277065 
(9, 9, 0): -0.09145019126277065 
(9, 10, 0): -0.011459391144692115 
(9, 11, 0): -0.011459391144692115 
(9, 12, 0): -0.011459391144692115 
(9, 13, 0): 0.010390986977874887 
(9, 14, 0): 0.010390986977874887 
(9, 15, 0): 0.010390986977874887 
(9, 16, 0): 0.0 
(9, 17, 0): 0.0 
(9, 18, 0): 0.0 
(9, 19, 0): 0.0 
(9, 20, 0): 0.0 
(9, 21, 0): 0.0 
(10, 1, 0): -0.046165951831471735 
(10, 2, 0): -0.046165951831471735 
(10, 3, 0): -0.046165951831471735 
(10, 4, 0): -0.11576576497167539 
(10, 5, 0): -0.11576576497167539 
(10, 6, 0): -0.11576576497167539 
(10, 7, 0): -0.09145019126277065 
(10, 8, 0): -0.09145019126277065 
(10, 9, 0): -0.09145019126277065 
(10, 10, 0): -0.011459391144692115 
(10, 11, 0): -0.011459391144692115 
(10, 12, 0): -0.011459391144692115 
(10, 13, 0): 0.010390986977874887 
(10, 14, 0): 0.010390986977874887 
(10, 15, 0): 0.010390986977874887 
(10, 16, 0): 0.0 
(10, 17, 0): 0.0 
(10, 18, 0): 0.0 
(10, 19, 0): 0.0 
(10, 20, 0): 0.0 
(10, 21, 0): 0.0 
(1, 1, 1): -0.0037793360106485215 
(1, 2, 1): -0.0037793360106485215 
(1, 3, 1): -0.0037793360106485215 
(1, 4, 1): -0.0037793360106485215 
(1, 5, 1): -0.0037793360106485215 
(1, 6, 1): -0.0037793360106485215 
(1, 7, 1): 0.0 
(1, 8, 1): 0.0 
(1, 9, 1): 0.0 
(1, 10, 1): 0.0 
(1, 11, 1): 0.0 
(1, 12, 1): 0.0 
(1, 13, 1): 0.0 
(1, 14, 1): 0.0 
(1, 15, 1): 0.0 
(1, 16, 1): 0.0 
(1, 17, 1): 0.0 
(1, 18, 1): 0.0 
(1, 19, 1): 0.0 
(1, 20, 1): 0.0 
(1, 21, 1): 0.0 
(2, 1, 1): -0.0037793360106485215 
(2, 2, 1): -0.0037793360106485215 
(2, 3, 1): -0.0037793360106485215 
(2, 4, 1): -0.0037793360106485215 
(2, 5, 1): -0.0037793360106485215 
(2, 6, 1): -0.0037793360106485215 
(2, 7, 1): 0.0 
(2, 8, 1): 0.0 
(2, 9, 1): 0.0 
(2, 10, 1): 0.0 
(2, 11, 1): 0.0 
(2, 12, 1): 0.0 
(2, 13, 1): 0.0 
(2, 14, 1): 0.0 
(2, 15, 1): 0.0 
(2, 16, 1): 0.0 
(2, 17, 1): 0.0 
(2, 18, 1): 0.0 
(2, 19, 1): 0.0 
(2, 20, 1): 0.0 
(2, 21, 1): 0.0 
(3, 1, 1): -0.0037793360106485215 
(3, 2, 1): -0.0037793360106485215 
(3, 3, 1): -0.0037793360106485215 
(3, 4, 1): -0.0037793360106485215 
(3, 5, 1): -0.0037793360106485215 
(3, 6, 1): -0.0037793360106485215 
(3, 7, 1): 0.0 
(3, 8, 1): 0.0 
(3, 9, 1): 0.0 
(3, 10, 1): 0.0 
(3, 11, 1): 0.0 
(3, 12, 1): 0.0 
(3, 13, 1): 0.0 
(3, 14, 1): 0.0 
(3, 15, 1): 0.0 
(3, 16, 1): 0.0 
(3, 17, 1): 0.0 
(3, 18, 1): 0.0 
(3, 19, 1): 0.0 
(3, 20, 1): 0.0 
(3, 21, 1): 0.0 
(4, 1, 1): -0.018425965813387825 
(4, 2, 1): -0.018425965813387825 
(4, 3, 1): -0.018425965813387825 
(4, 4, 1): -0.017973666757614637 
(4, 5, 1): -0.017973666757614637 
(4, 6, 1): -0.017973666757614637 
(4, 7, 1): 0.01555122791428567 
(4, 8, 1): 0.01555122791428567 
(4, 9, 1): 0.01555122791428567 
(4, 10, 1): 0.015098928858512486 
(4, 11, 1): 0.015098928858512486 
(4, 12, 1): 0.015098928858512486 
(4, 13, 1): 0.0 
(4, 14, 1): 0.0 
(4, 15, 1): 0.0 
(4, 16, 1): 0.0 
(4, 17, 1): 0.0 
(4, 18, 1): 0.0 
(4, 19, 1): 0.0 
(4, 20, 1): 0.0 
(4, 21, 1): 0.0 
(5, 1, 1): -0.014646629802739302 
(5, 2, 1): -0.014646629802739302 
(5, 3, 1): -0.014646629802739302 
(5, 4, 1): -0.014194330746966117 
(5, 5, 1): -0.014194330746966117 
(5, 6, 1): -0.014194330746966117 
(5, 7, 1): 0.01555122791428567 
(5, 8, 1): 0.01555122791428567 
(5, 9, 1): 0.01555122791428567 
(5, 10, 1): 0.015098928858512486 
(5, 11, 1): 0.015098928858512486 
(5, 12, 1): 0.015098928858512486 
(5, 13, 1): 0.0 
(5, 14, 1): 0.0 
(5, 15, 1): 0.0 
(5, 16, 1): 0.0 
(5, 17, 1): 0.0 
(5, 18, 1): 0.0 
(5, 19, 1): 0.0 
(5, 20, 1): 0.0 
(5, 21, 1): 0.0 
(6, 1, 1): -0.014646629802739302 
(6, 2, 1): -0.014646629802739302 
(6, 3, 1): -0.014646629802739302 
(6, 4, 1): -0.014194330746966117 
(6, 5, 1): -0.014194330746966117 
(6, 6, 1): -0.014194330746966117 
(6, 7, 1): 0.01555122791428567 
(6, 8, 1): 0.01555122791428567 
(6, 9, 1): 0.01555122791428567 
(6, 10, 1): 0.015098928858512486 
(6, 11, 1): 0.015098928858512486 
(6, 12, 1): 0.015098928858512486 
(6, 13, 1): 0.0 
(6, 14, 1): 0.0 
(6, 15, 1): 0.0 
(6, 16, 1): 0.0 
(6, 17, 1): 0.0 
(6, 18, 1): 0.0 
(6, 19, 1): 0.0 
(6, 20, 1): 0.0 
(6, 21, 1): 0.0 
(7, 1, 1): -0.029293259605478603 
(7, 2, 1): -0.029293259605478603 
(7, 3, 1): -0.029293259605478603 
(7, 4, 1): -0.04348759035244472 
(7, 5, 1): -0.04348759035244472 
(7, 6, 1): -0.04348759035244472 
(7, 7, 1): 0.0009045981115463689 
(7, 8, 1): 0.0009045981115463689 
(7, 9, 1): 0.0009045981115463689 
(7, 10, 1): 0.015098928858512486 
(7, 11, 1): 0.015098928858512486 
(7, 12, 1): 0.015098928858512486 
(7, 13, 1): 0.0 
(7, 14, 1): 0.0 
(7, 15, 1): 0.0 
(7, 16, 1): 0.0 
(7, 17, 1): 0.0 
(7, 18, 1): 0.0 
(7, 19, 1): 0.0 
(7, 20, 1): 0.0 
(7, 21, 1): 0.0 
(8, 1, 1): -0.014646629802739302 
(8, 2, 1): -0.014646629802739302 
(8, 3, 1): -0.014646629802739302 
(8, 4, 1): -0.029293259605478603 
(8, 5, 1): -0.029293259605478603 
(8, 6, 1): -0.029293259605478603 
(8, 7, 1): -0.014646629802739302 
(8, 8, 1): -0.014646629802739302 
(8, 9, 1): -0.014646629802739302 
(8, 10, 1): 0.0 
(8, 11, 1): 0.0 
(8, 12, 1): 0.0 
(8, 13, 1): 0.0 
(8, 14, 1): 0.0 
(8, 15, 1): 0.0 
(8, 16, 1): 0.0 
(8, 17, 1): 0.0 
(8, 18, 1): 0.0 
(8, 19, 1): 0.0 
(8, 20, 1): 0.0 
(8, 21, 1): 0.0 
(9, 1, 1): -0.014646629802739302 
(9, 2, 1): -0.014646629802739302 
(9, 3, 1): -0.014646629802739302 
(9, 4, 1): -0.029293259605478603 
(9, 5, 1): -0.029293259605478603 
(9, 6, 1): -0.029293259605478603 
(9, 7, 1): -0.014646629802739302 
(9, 8, 1): -0.014646629802739302 
(9, 9, 1): -0.014646629802739302 
(9, 10, 1): 0.0 
(9, 11, 1): 0.0 
(9, 12, 1): 0.0 
(9, 13, 1): 0.0 
(9, 14, 1): 0.0 
(9, 15, 1): 0.0 
(9, 16, 1): 0.0 
(9, 17, 1): 0.0 
(9, 18, 1): 0.0 
(9, 19, 1): 0.0 
(9, 20, 1): 0.0 
(9, 21, 1): 0.0 
(10, 1, 1): -0.014646629802739302 
(10, 2, 1): -0.014646629802739302 
(10, 3, 1): -0.014646629802739302 
(10, 4, 1): -0.029293259605478603 
(10, 5, 1): -0.029293259605478603 
(10, 6, 1): -0.029293259605478603 
(10, 7, 1): -0.014646629802739302 
(10, 8, 1): -0.014646629802739302 
(10, 9, 1): -0.014646629802739302 
(10, 10, 1): 0.0 
(10, 11, 1): 0.0 
(10, 12, 1): 0.0 
(10, 13, 1): 0.0 
(10, 14, 1): 0.0 
(10, 15, 1): 0.0 
(10, 16, 1): 0.0 
(10, 17, 1): 0.0 
(10, 18, 1): 0.0 
(10, 19, 1): 0.0 
(10, 20, 1): 0.0 
(10, 21, 1): 0.0 
