(1, 1, 0): 0.11196297095834726 
(1, 1, 1): 0.10969066926608546 
(1, 2, 0): 0.11196297095834726 
(1, 2, 1): 0.10969066926608546 
(1, 3, 0): 0.11196297095834726 
(1, 3, 1): 0.10969066926608546 
(1, 4, 0): 0.18934127518238286 
(1, 4, 1): 0.1675935999936658 
(1, 5, 0): 0.18934127518238286 
(1, 5, 1): 0.1675935999936658 
(1, 6, 0): 0.18934127518238286 
(1, 6, 1): 0.1675935999936658 
(1, 7, 0): 0.30486746166385037 
(1, 7, 1): 0.1272204433758781 
(1, 8, 0): 0.30486746166385037 
(1, 8, 1): 0.1272204433758781 
(1, 9, 0): 0.30486746166385037 
(1, 9, 1): 0.1272204433758781 
(1, 10, 0): 0.26291877636854466 
(1, 10, 1): 0.1143787589958992 
(1, 11, 0): 0.26291877636854466 
(1, 11, 1): 0.1143787589958992 
(1, 12, 0): 0.26291877636854466 
(1, 12, 1): 0.1143787589958992 
(1, 13, 0): 0.035429618928729874 
(1, 13, 1): 0.04506124634760142 
(1, 14, 0): 0.035429618928729874 
(1, 14, 1): 0.04506124634760142 
(1, 15, 0): 0.035429618928729874 
(1, 15, 1): 0.04506124634760142 
(1, 16, 0): 0.0 
(1, 16, 1): 0.0 
(1, 17, 0): 0.0 
(1, 17, 1): 0.0 
(1, 18, 0): 0.0 
(1, 18, 1): 0.0 
(1, 19, 0): 0.0 
(1, 19, 1): 0.0 
(1, 20, 0): 0.0 
(1, 20, 1): 0.0 
(1, 21, 0): 0.0 
(1, 21, 1): 0.0 
(2, 1, 0): 0.11196297095834726 
(2, 1, 1): 0.10969066926608546 
(2, 2, 0): 0.11196297095834726 
(2, 2, 1): 0.10969066926608546 
(2, 3, 0): 0.11196297095834726 
(2, 3, 1): 0.10969066926608546 
(2, 4, 0): 0.18934127518238286 
(2, 4, 1): 0.1675935999936658 
(2, 5, 0): 0.18934127518238286 
(2, 5, 1): 0.1675935999936658 
(2, 6, 0): 0.18934127518238286 
(2, 6, 1): 0.1675935999936658 
(2, 7, 0): 0.30486746166385037 
(2, 7, 1): 0.1272204433758781 
(2, 8, 0): 0.30486746166385037 
(2, 8, 1): 0.1272204433758781 
(2, 9, 0): 0.30486746166385037 
(2, 9, 1): 0.1272204433758781 
(2, 10, 0): 0.26291877636854466 
(2, 10, 1): 0.1143787589958992 
(2, 11, 0): 0.26291877636854466 
(2, 11, 1): 0.1143787589958992 
(2, 12, 0): 0.26291877636854466 
(2, 12, 1): 0.1143787589958992 
(2, 13, 0): 0.035429618928729874 
(2, 13, 1): 0.04506124634760142 
(2, 14, 0): 0.035429618928729874 
(2, 14, 1): 0.04506124634760142 
(2, 15, 0): 0.035429618928729874 
(2, 15, 1): 0.04506124634760142 
(2, 16, 0): 0.0 
(2, 16, 1): 0.0 
(2, 17, 0): 0.0 
(2, 17, 1): 0.0 
(2, 18, 0): 0.0 
(2, 18, 1): 0.0 
(2, 19, 0): 0.0 
(2, 19, 1): 0.0 
(2, 20, 0): 0.0 
(2, 20, 1): 0.0 
(2, 21, 0): 0.0 
(2, 21, 1): 0.0 
(3, 1, 0): 0.11196297095834726 
(3, 1, 1): 0.10969066926608546 
(3, 2, 0): 0.11196297095834726 
(3, 2, 1): 0.10969066926608546 
(3, 3, 0): 0.11196297095834726 
(3, 3, 1): 0.10969066926608546 
(3, 4, 0): 0.18934127518238286 
(3, 4, 1): 0.1675935999936658 
(3, 5, 0): 0.18934127518238286 
(3, 5, 1): 0.1675935999936658 
(3, 6, 0): 0.18934127518238286 
(3, 6, 1): 0.1675935999936658 
(3, 7, 0): 0.30486746166385037 
(3, 7, 1): 0.1272204433758781 
(3, 8, 0): 0.30486746166385037 
(3, 8, 1): 0.1272204433758781 
(3, 9, 0): 0.30486746166385037 
(3, 9, 1): 0.1272204433758781 
(3, 10, 0): 0.26291877636854466 
(3, 10, 1): 0.1143787589958992 
(3, 11, 0): 0.26291877636854466 
(3, 11, 1): 0.1143787589958992 
(3, 12, 0): 0.26291877636854466 
(3, 12, 1): 0.1143787589958992 
(3, 13, 0): 0.035429618928729874 
(3, 13, 1): 0.04506124634760142 
(3, 14, 0): 0.035429618928729874 
(3, 14, 1): 0.04506124634760142 
(3, 15, 0): 0.035429618928729874 
(3, 15, 1): 0.04506124634760142 
(3, 16, 0): 0.0 
(3, 16, 1): 0.0 
(3, 17, 0): 0.0 
(3, 17, 1): 0.0 
(3, 18, 0): 0.0 
(3, 18, 1): 0.0 
(3, 19, 0): 0.0 
(3, 19, 1): 0.0 
(3, 20, 0): 0.0 
(3, 20, 1): 0.0 
(3, 21, 0): 0.0 
(3, 21, 1): 0.0 
(4, 1, 0): 0.1605545822030398 
(4, 1, 1): -0.02732741697665529 
(4, 2, 0): 0.1605545822030398 
(4, 2, 1): -0.02732741697665529 
(4, 3, 0): 0.1605545822030398 
(4, 3, 1): -0.02732741697665529 
(4, 4, 0): 0.1479754936232954 
(4, 4, 1): 0.03256035187623349 
(4, 5, 0): 0.1479754936232954 
(4, 5, 1): 0.03256035187623349 
(4, 6, 0): 0.1479754936232954 
(4, 6, 1): 0.03256035187623349 
(4, 7, 0): 0.23957332878816362 
(4, 7, 1): 0.17953673559701389 
(4, 8, 0): 0.23957332878816362 
(4, 8, 1): 0.17953673559701389 
(4, 9, 0): 0.23957332878816362 
(4, 9, 1): 0.17953673559701389 
(4, 10, 0): 0.2388756970785035 
(4, 10, 1): 0.19351996515960415 
(4, 11, 0): 0.2388756970785035 
(4, 11, 1): 0.19351996515960415 
(4, 12, 0): 0.2388756970785035 
(4, 12, 1): 0.19351996515960415 
(4, 13, 0): -0.013276720289404534 
(4, 13, 1): 0.07387099841547903 
(4, 14, 0): -0.013276720289404534 
(4, 14, 1): 0.07387099841547903 
(4, 15, 0): -0.013276720289404534 
(4, 15, 1): 0.07387099841547903 
(4, 16, 0): 0.0 
(4, 16, 1): 0.0 
(4, 17, 0): 0.0 
(4, 17, 1): 0.0 
(4, 18, 0): 0.0 
(4, 18, 1): 0.0 
(4, 19, 0): 0.0 
(4, 19, 1): 0.0 
(4, 20, 0): 0.0 
(4, 20, 1): 0.0 
(4, 21, 0): 0.0 
(4, 21, 1): 0.0 
(5, 1, 0): 0.04859161124469255 
(5, 1, 1): -0.13701808624274076 
(5, 2, 0): 0.04859161124469255 
(5, 2, 1): -0.13701808624274076 
(5, 3, 0): 0.04859161124469255 
(5, 3, 1): -0.13701808624274076 
(5, 4, 0): -0.04136578155908746 
(5, 4, 1): -0.1350332481174323 
(5, 5, 0): -0.04136578155908746 
(5, 5, 1): -0.1350332481174323 
(5, 6, 0): -0.04136578155908746 
(5, 6, 1): -0.1350332481174323 
(5, 7, 0): -0.06529413287568675 
(5, 7, 1): 0.05231629222113578 
(5, 8, 0): -0.06529413287568675 
(5, 8, 1): 0.05231629222113578 
(5, 9, 0): -0.06529413287568675 
(5, 9, 1): 0.05231629222113578 
(5, 10, 0): -0.024043079290041146 
(5, 10, 1): 0.07914120616370496 
(5, 11, 0): -0.024043079290041146 
(5, 11, 1): 0.07914120616370496 
(5, 12, 0): -0.024043079290041146 
(5, 12, 1): 0.07914120616370496 
(5, 13, 0): -0.04870633921813441 
(5, 13, 1): 0.02880975206787762 
(5, 14, 0): -0.04870633921813441 
(5, 14, 1): 0.02880975206787762 
(5, 15, 0): -0.04870633921813441 
(5, 15, 1): 0.02880975206787762 
(5, 16, 0): 0.0 
(5, 16, 1): 0.0 
(5, 17, 0): 0.0 
(5, 17, 1): 0.0 
(5, 18, 0): 0.0 
(5, 18, 1): 0.0 
(5, 19, 0): 0.0 
(5, 19, 1): 0.0 
(5, 20, 0): 0.0 
(5, 20, 1): 0.0 
(5, 21, 0): 0.0 
(5, 21, 1): 0.0 
(6, 1, 0): 0.04859161124469255 
(6, 1, 1): -0.13701808624274076 
(6, 2, 0): 0.04859161124469255 
(6, 2, 1): -0.13701808624274076 
(6, 3, 0): 0.04859161124469255 
(6, 3, 1): -0.13701808624274076 
(6, 4, 0): -0.04136578155908746 
(6, 4, 1): -0.1350332481174323 
(6, 5, 0): -0.04136578155908746 
(6, 5, 1): -0.1350332481174323 
(6, 6, 0): -0.04136578155908746 
(6, 6, 1): -0.1350332481174323 
(6, 7, 0): -0.06529413287568675 
(6, 7, 1): 0.05231629222113578 
(6, 8, 0): -0.06529413287568675 
(6, 8, 1): 0.05231629222113578 
(6, 9, 0): -0.06529413287568675 
(6, 9, 1): 0.05231629222113578 
(6, 10, 0): -0.024043079290041146 
(6, 10, 1): 0.07914120616370496 
(6, 11, 0): -0.024043079290041146 
(6, 11, 1): 0.07914120616370496 
(6, 12, 0): -0.024043079290041146 
(6, 12, 1): 0.07914120616370496 
(6, 13, 0): -0.04870633921813441 
(6, 13, 1): 0.02880975206787762 
(6, 14, 0): -0.04870633921813441 
(6, 14, 1): 0.02880975206787762 
(6, 15, 0): -0.04870633921813441 
(6, 15, 1): 0.02880975206787762 
(6, 16, 0): 0.0 
(6, 16, 1): 0.0 
(6, 17, 0): 0.0 
(6, 17, 1): 0.0 
(6, 18, 0): 0.0 
(6, 18, 1): 0.0 
(6, 19, 0): 0.0 
(6, 19, 1): 0.0 
(6, 20, 0): 0.0 
(6, 20, 1): 0.0 
(6, 21, 0): 0.0 
(6, 21, 1): 0.0 
(7, 1, 0): -0.12882299822037654 
(7, 1, 1): -0.32627453534091555 
(7, 2, 0): -0.12882299822037654 
(7, 2, 1): -0.32627453534091555 
(7, 3, 0): -0.12882299822037654 
(7, 3, 1): -0.32627453534091555 
(7, 4, 0): -0.19477904827878556 
(7, 4, 1): -0.511692490908918 
(7, 5, 0): -0.19477904827878556 
(7, 5, 1): -0.511692490908918 
(7, 6, 0): -0.19477904827878556 
(7, 6, 1): -0.511692490908918 
(7, 7, 0): -0.2394623141536696 
(7, 7, 1): -0.24187673536681237 
(7, 8, 0): -0.2394623141536696 
(7, 8, 1): -0.24187673536681237 
(7, 9, 0): -0.2394623141536696 
(7, 9, 1): -0.24187673536681237 
(7, 10, 0): -0.26800862037034395 
(7, 10, 1): -0.01745139084573842 
(7, 11, 0): -0.26800862037034395 
(7, 11, 1): -0.01745139084573842 
(7, 12, 0): -0.26800862037034395 
(7, 12, 1): -0.01745139084573842 
(7, 13, 0): -0.09450235627508335 
(7, 13, 1): 0.03900738895307154 
(7, 14, 0): -0.09450235627508335 
(7, 14, 1): 0.03900738895307154 
(7, 15, 0): -0.09450235627508335 
(7, 15, 1): 0.03900738895307154 
(7, 16, 0): 0.0 
(7, 16, 1): 0.0 
(7, 17, 0): 0.0 
(7, 17, 1): 0.0 
(7, 18, 0): 0.0 
(7, 18, 1): 0.0 
(7, 19, 0): 0.0 
(7, 19, 1): 0.0 
(7, 20, 0): 0.0 
(7, 20, 1): 0.0 
(7, 21, 0): 0.0 
(7, 21, 1): 0.0 
(8, 1, 0): -0.1774146094650691 
(8, 1, 1): -0.18925644909817477 
(8, 2, 0): -0.1774146094650691 
(8, 2, 1): -0.18925644909817477 
(8, 3, 0): -0.1774146094650691 
(8, 3, 1): -0.18925644909817477 
(8, 4, 0): -0.1534132667196981 
(8, 4, 1): -0.37665924279148566 
(8, 5, 0): -0.1534132667196981 
(8, 5, 1): -0.37665924279148566 
(8, 6, 0): -0.1534132667196981 
(8, 6, 1): -0.37665924279148566 
(8, 7, 0): -0.17416818127798286 
(8, 7, 1): -0.2941930275879482 
(8, 8, 0): -0.17416818127798286 
(8, 8, 1): -0.2941930275879482 
(8, 9, 0): -0.17416818127798286 
(8, 9, 1): -0.2941930275879482 
(8, 10, 0): -0.24396554108030283 
(8, 10, 1): -0.09659259700944338 
(8, 11, 0): -0.24396554108030283 
(8, 11, 1): -0.09659259700944338 
(8, 12, 0): -0.24396554108030283 
(8, 12, 1): -0.09659259700944338 
(8, 13, 0): -0.045796017056948954 
(8, 13, 1): 0.010197636885193918 
(8, 14, 0): -0.045796017056948954 
(8, 14, 1): 0.010197636885193918 
(8, 15, 0): -0.045796017056948954 
(8, 15, 1): 0.010197636885193918 
(8, 16, 0): 0.0 
(8, 16, 1): 0.0 
(8, 17, 0): 0.0 
(8, 17, 1): 0.0 
(8, 18, 0): 0.0 
(8, 18, 1): 0.0 
(8, 19, 0): 0.0 
(8, 19, 1): 0.0 
(8, 20, 0): 0.0 
(8, 20, 1): 0.0 
(8, 21, 0): 0.0 
(8, 21, 1): 0.0 
(9, 1, 0): -0.1774146094650691 
(9, 1, 1): -0.18925644909817477 
(9, 2, 0): -0.1774146094650691 
(9, 2, 1): -0.18925644909817477 
(9, 3, 0): -0.1774146094650691 
(9, 3, 1): -0.18925644909817477 
(9, 4, 0): -0.1534132667196981 
(9, 4, 1): -0.37665924279148566 
(9, 5, 0): -0.1534132667196981 
(9, 5, 1): -0.37665924279148566 
(9, 6, 0): -0.1534132667196981 
(9, 6, 1): -0.37665924279148566 
(9, 7, 0): -0.17416818127798286 
(9, 7, 1): -0.2941930275879482 
(9, 8, 0): -0.17416818127798286 
(9, 8, 1): -0.2941930275879482 
(9, 9, 0): -0.17416818127798286 
(9, 9, 1): -0.2941930275879482 
(9, 10, 0): -0.24396554108030283 
(9, 10, 1): -0.09659259700944338 
(9, 11, 0): -0.24396554108030283 
(9, 11, 1): -0.09659259700944338 
(9, 12, 0): -0.24396554108030283 
(9, 12, 1): -0.09659259700944338 
(9, 13, 0): -0.045796017056948954 
(9, 13, 1): 0.010197636885193918 
(9, 14, 0): -0.045796017056948954 
(9, 14, 1): 0.010197636885193918 
(9, 15, 0): -0.045796017056948954 
(9, 15, 1): 0.010197636885193918 
(9, 16, 0): 0.0 
(9, 16, 1): 0.0 
(9, 17, 0): 0.0 
(9, 17, 1): 0.0 
(9, 18, 0): 0.0 
(9, 18, 1): 0.0 
(9, 19, 0): 0.0 
(9, 19, 1): 0.0 
(9, 20, 0): 0.0 
(9, 20, 1): 0.0 
(9, 21, 0): 0.0 
(9, 21, 1): 0.0 
(10, 1, 0): -0.1774146094650691 
(10, 1, 1): -0.18925644909817477 
(10, 2, 0): -0.1774146094650691 
(10, 2, 1): -0.18925644909817477 
(10, 3, 0): -0.1774146094650691 
(10, 3, 1): -0.18925644909817477 
(10, 4, 0): -0.1534132667196981 
(10, 4, 1): -0.37665924279148566 
(10, 5, 0): -0.1534132667196981 
(10, 5, 1): -0.37665924279148566 
(10, 6, 0): -0.1534132667196981 
(10, 6, 1): -0.37665924279148566 
(10, 7, 0): -0.17416818127798286 
(10, 7, 1): -0.2941930275879482 
(10, 8, 0): -0.17416818127798286 
(10, 8, 1): -0.2941930275879482 
(10, 9, 0): -0.17416818127798286 
(10, 9, 1): -0.2941930275879482 
(10, 10, 0): -0.24396554108030283 
(10, 10, 1): -0.09659259700944338 
(10, 11, 0): -0.24396554108030283 
(10, 11, 1): -0.09659259700944338 
(10, 12, 0): -0.24396554108030283 
(10, 12, 1): -0.09659259700944338 
(10, 13, 0): -0.045796017056948954 
(10, 13, 1): 0.010197636885193918 
(10, 14, 0): -0.045796017056948954 
(10, 14, 1): 0.010197636885193918 
(10, 15, 0): -0.045796017056948954 
(10, 15, 1): 0.010197636885193918 
(10, 16, 0): 0.0 
(10, 16, 1): 0.0 
(10, 17, 0): 0.0 
(10, 17, 1): 0.0 
(10, 18, 0): 0.0 
(10, 18, 1): 0.0 
(10, 19, 0): 0.0 
(10, 19, 1): 0.0 
(10, 20, 0): 0.0 
(10, 20, 1): 0.0 
(10, 21, 0): 0.0 
(10, 21, 1): 0.0 
